0 0.5265625 0.4828125 0.540625 0.496875 0.5578125 0.5 0.54375 0.5125 0.5390625 0.5125 0.53125 0.503125 0.53125 0.496875 0.5265625 0.484375
0 0.43125 0.371875 0.4375 0.375 0.45 0.3875 0.4484375 0.390625 0.4328125 0.390625 0.41875 0.384375 0.415625 0.378125 0.421875 0.371875 0.4296875 0.371875
0 0.4625 0.4109375 0.4671875 0.4109375 0.4671875 0.4171875 0.4796875 0.4421875 0.478125 0.459375 0.4734375 0.4671875 0.4640625 0.4671875 0.45625 0.4578125 0.453125 0.45 0.453125 0.434375 0.4625 0.4125
0 0.6703125 0.6140625 0.6765625 0.61875 0.6828125 0.6296875 0.6859375 0.640625 0.6859375 0.653125 0.678125 0.66875 0.675 0.671875 0.665625 0.671875 0.6609375 0.6671875 0.659375 0.6484375 0.6671875 0.6296875 0.6703125 0.615625
0 0.66875 0.5734375 0.671875 0.5734375 0.6734375 0.5796875 0.6734375 0.5859375 0.671875 0.5875 0.66875 0.5859375 0.6671875 0.584375 0.66875 0.575
0 0.4609375 0.3984375 0.4609375 0.4046875 0.45625 0.4140625 0.453125 0.4140625 0.45 0.4078125 0.453125 0.4015625 0.459375 0.3984375
0 0.5265625 0.4828125 0.5296875 0.4828125 0.5375 0.4921875 0.54375 0.5078125 0.5390625 0.5125 0.53125 0.503125 0.53125 0.496875 0.5265625 0.484375
0 0.6578125 0.4953125 0.665625 0.5015625 0.6703125 0.5109375 0.6703125 0.5375 0.6625 0.5625 0.6546875 0.5765625 0.65625 0.5484375 0.6453125 0.5296875 0.64375 0.5109375 0.6484375 0.4984375 0.65625 0.4953125
0 0.5640625 0.5234375 0.56875 0.5390625 0.578125 0.5546875 0.5796875 0.5671875 0.578125 0.5796875 0.571875 0.5890625 0.5640625 0.5890625 0.55625 0.578125 0.5546875 0.5515625 0.5609375 0.540625 0.5640625 0.525
0 0.5328125 0.546875 0.534375 0.5515625 0.5328125 0.5734375 0.5296875 0.58125 0.5234375 0.5828125 0.51875 0.578125 0.51875 0.5625 0.53125 0.5484375
1 0.474609375 0.390625 0.49755859375 0.3704427078125 0.501953125 0.369140625 0.5087890625 0.3815104171875 0.51318359375 0.3958333328125 0.51708984375 0.3997395828125 0.51708984375 0.41015625 0.5244140625 0.421875 0.525390625 0.4270833328125 0.53173828125 0.439453125 0.54345703125 0.4557291671875 0.5498046875 0.4596354171875 0.55908203125 0.4615885421875 0.5634765625 0.46875 0.56787109375 0.4661458328125 0.5849609375 0.4674479171875 0.5859375 0.470703125 0.58837890625 0.4720052078125 0.60107421875 0.4661458328125 0.607421875 0.458984375 0.611328125 0.458984375 0.6220703125 0.4654947921875 0.6328125 0.46875 0.65478515625 0.46484375 0.66162109375 0.4654947921875 0.669921875 0.47265625 0.673828125 0.4791666671875 0.68359375 0.4798177078125 0.69287109375 0.474609375 0.6962890625 0.4680989578125 0.70751953125 0.4583333328125 0.7080078125 0.455078125 0.70458984375 0.4537760421875 0.70263671875 0.458984375 0.69384765625 0.4622395828125 0.685546875 0.474609375 0.677734375 0.470703125 0.66796875 0.4622395828125 0.658203125 0.4583333328125 0.654296875 0.4576822921875 0.638671875 0.4622395828125 0.63134765625 0.4615885421875 0.611328125 0.4505208328125 0.61328125 0.4440104171875 0.619140625 0.4375 0.623046875 0.4296875 0.623046875 0.423828125 0.61083984375 0.4368489578125 0.60302734375 0.4505208328125 0.580078125 0.4498697921875 0.57763671875 0.447265625 0.57275390625 0.447265625 0.5615234375 0.4557291671875 0.548828125 0.453125 0.53271484375 0.4290364578125 0.53125 0.4153645828125 0.5283203125 0.408203125 0.529296875 0.4016927078125 0.52392578125 0.400390625 0.52490234375 0.3899739578125 0.521484375 0.39453125 0.5205078125 0.3932291671875 0.51953125 0.38671875 0.52099609375 0.3841145828125 0.51806640625 0.3828125 0.5126953125 0.3743489578125 0.5126953125 0.369140625 0.50537109375 0.3606770828125 0.50146484375 0.3606770828125 0.494140625 0.3639322921875 0.486328125 0.3704427078125 0.47021484375 0.388671875 0.474609375 0.390625
1 0.5615234375 0.4700520828125 0.55712890625 0.474609375 0.55810546875 0.4778645828125 0.5546875 0.4817708328125 0.56005859375 0.4830729171875 0.564453125 0.48828125 0.57470703125 0.4798177078125 0.583984375 0.4778645828125 0.58544921875 0.4752604171875 0.5927734375 0.4713541671875 0.595703125 0.466796875 0.5859375 0.46484375 0.58349609375 0.4615885421875 0.5810546875 0.4641927078125 0.56787109375 0.4641927078125 0.5615234375 0.4661458328125 0.5615234375 0.4700520828125
1 0.58544921875 0.6380208328125 0.5712890625 0.6842447921875 0.5703125 0.693359375 0.556640625 0.7141927078125 0.54052734375 0.720703125 0.53125 0.7154947921875 0.52490234375 0.7083333328125 0.51806640625 0.6940104171875 0.52001953125 0.6744791671875 0.5283203125 0.669921875 0.537109375 0.6725260421875 0.54248046875 0.666015625 0.541015625 0.6614583328125 0.537109375 0.66015625 0.5263671875 0.6614583328125 0.51806640625 0.6653645828125 0.51318359375 0.673828125 0.5126953125 0.6998697921875 0.51611328125 0.7076822921875 0.53271484375 0.7252604171875 0.54443359375 0.7278645828125 0.55859375 0.7213541671875 0.568359375 0.7115885421875 0.57568359375 0.7005208328125 0.578125 0.693359375 0.57861328125 0.6848958328125 0.587890625 0.66015625 0.587890625 0.65234375 0.5908203125 0.6380208328125 0.59814453125 0.6145833328125 0.60498046875 0.60546875 0.61328125 0.603515625 0.619140625 0.5989583328125 0.61083984375 0.599609375 0.607421875 0.595703125 0.6064453125 0.595703125 0.6044921875 0.5983072921875 0.59912109375 0.5989583328125 0.59326171875 0.6041666671875 0.58544921875 0.6380208328125
2 0.634765625 0.5852864578125 0.63427734375 0.576171875 0.6337890625 0.576171875 0.62548828125 0.580078125 0.62646484375 0.58984375 0.63037109375 0.58984375 0.634765625 0.5852864578125